55555555555555555555555555555555555555555555555555555555555555555555555555555555555555555555055
55555555555555555555555555555555555555555555555555555555555555555555555555555555555555555555055
5555                                                                                     455055
5555                                                                                     455055
5555                                                                                     455055
5555                                                                                     455055
5555                                                                                     455055
5555                                                                                     455055
5555                                                                                     455055
5555                                                                                     455055
5555                                                                                     455055
5555                                                                                     455055
5555                                                                                     455055
5555                                                                                     455055
5555                                                                                     455055
5555                                                                                     455055
5555      P                                                                              455055
55555855555555555555555555555555555555555555555555555555555555555555555555555555555555555555555
55555855555555555555550555558555555555555555555555555555555555555555555555555555555555555555555
55555555555555555555550555558555555555555555555555555555555555555555555555555555555555555555555
55555555555555555555550555558555555555555555555555555555555555555555555555555555555555555555555
55555555555555555555555555555555555555555555555555555555555555555555555555555555555555555555055
55555555555555555555555555555555555555555555555555555555555555555555555555555555555555555555055