                                    
                                            
                                                
                                                    
                                                  
                                                       
                                                        
                                                     
     II  E  II                                          
       12223
       45776                                            
 P                                                      
123          E   13      13  
4772222222222222256    12776 
4777777777777777776    47776 
4777777777777777776     77   
4777777777777777776     7     
4777777777777777776     7    
4777777777777777776           
