122222222222222222222222222222222222222222222222222222222222222222222222222222222222222222222222223
455588888888555555588888888888888888888888888888888888885555555555555555555555555555555558888555556
4556                                                                                         455556
4556                                                                                         455556
4556                                                                                         455556
4556                                                                                         455556
4556                                                                                         455556
4556                                                                                         455556
4556                                                                                         455556
4556                                                                                         455556
4556                     4                                                                   455556
4556                                                                                         455556
4556                                                                                         455556
4556                                                                                         455556
4556                                                                                         455556
4556                                                                                         455556
4556                  I M  I                                                                 455556
4556                   4444                                                                  455556
4556                                                                                         455556
4556                                                                                         455556
4556                                         I  M I                                          455556
4556                                          4444                                           455556
4556                                                                                         455556
4556                                                                                         455556
4556                                                                                         455556
4556                                                                                         455556
4556                                                                                         455556
4556                                                                                         455556
4556        4                                                                                455556
4556                                                                                         455556
4556                                                                                         455556
4556                     IN   I                                                              455556
4556                               122223                                                    455556
4556                      0000     455556                                                    455556
4556                               788889                                                    455556
4556          P                 M                                           $                455556
455645555645555645555645555645555645555645555645555645555645555645555645555645555645555645555455556