55555555555555555555555555555555555555555555555555555555555555555555555555555555555555555555555
55555555555555555555555555555555555555555555555555555555555555555555555555555555555555555555555
5555                                                                                     455555
5555                                                                                     455555
5555                                                                                     455555
5555                                                                                     455555
5555                  5                                                                  455555
5555                                                                                     455555
5555                                                                                     455555
5555                                                                                     455555
5555                5                                                                    455555
5555                                                                                     455555
5555                                                                                     455555
5555                                                                                     455555
5555                                       $                                             455555
5555                                       5                                             455555
5555                                                                                     455555
5555               5                                                                     455555
5555                                                                                     455555
5555       RRR                                                                           455555
5555                                                                                     455555
5555                                                                                     455555
5555                                                                                     455555
5555                                                                                     455555
5555                                                                                     455555
5555      P                                                                              455555
5555   12222222222222223                                                                 555555
5555   45555555555555556                                                                 555555
5555   78888888888888889                                                                 555555
5555                                            D                                        555555
5555                                            D                                        555555
5555   I                                    N                                      I     555555
5555                                                                                     555555
5555    555555555555555555555555555555555555555555555555555555555555555555555555555      555555
5555                                                                                     555555
5555                                                                                     555555
